TS                       Open     High      Low    Close Bias       BullFVG BearFVG BullIFVG BearIFVG
----------------------------------------------------------------------------------------------------
2025-12-01 19:05:00+00:00 25390.50 25393.50 25389.50 25391.25 Bullish          0       2        0        0
2025-12-01 19:06:00+00:00 25391.75 25401.00 25391.75 25396.75 Bullish          1       2        0        0
2025-12-01 19:07:00+00:00 25396.50 25405.25 25396.50 25401.00 Bullish          2       2        0        0
2025-12-01 19:08:00+00:00 25401.25 25401.50 25396.75 25400.75 Bullish          2       2        0        0
2025-12-01 19:09:00+00:00 25652.25 25652.25 25652.25 25652.25 Bullish          3       0        2        0
2025-12-01 19:10:00+00:00 25402.25 25407.50 25402.25 25405.75 Bearish          4       0        2        0
2025-12-01 19:11:00+00:00 25405.25 25410.00 25404.00 25407.75 Bullish          4       1        2        0
2025-12-01 19:12:00+00:00 25409.25 25409.25 25404.00 25404.75 Bearish          3       1        2        1
2025-12-01 19:13:00+00:00   250.50   251.20   250.50   251.20 Bearish          0       2        0        4
2025-12-01 19:14:00+00:00 25658.00 25658.00 25658.00 25658.00 Bullish          1       0        2        0
2025-12-01 19:15:00+00:00 25403.75 25409.75 25403.75 25406.75 Bearish          1       0        1        1
2025-12-01 19:16:00+00:00 25406.50 25408.50 25405.00 25405.75 Bearish          1       1        1        1
2025-12-01 19:17:00+00:00 25406.00 25406.00 25400.25 25404.25 Bearish          1       1        1        1
2025-12-01 19:18:00+00:00 25403.75 25407.50 25403.50 25405.50 Bearish          1       1        1        1
2025-12-01 19:19:00+00:00 25658.00 25658.00 25658.00 25658.00 Bullish          2       1        1        1
2025-12-01 19:20:00+00:00 25405.00 25405.25 25401.50 25403.00 Bearish          1       1        1        2
2025-12-01 19:21:00+00:00 25402.25 25403.75 25401.50 25402.50 Bearish          1       2        1        2
2025-12-01 19:22:00+00:00 25401.00 25404.00 25399.25 25403.25 Bearish          1       2        1        2
2025-12-01 19:23:00+00:00 25402.50 25403.50 25396.75 25396.75 Bearish          1       2        1        2
2025-12-01 19:24:00+00:00 25397.50 25398.50 25395.00 25397.00 Bearish          1       3        1        2
2025-12-01 19:25:00+00:00   252.40   252.40   252.40   252.40 Bearish          1       4        1        2
2025-12-01 19:26:00+00:00 25398.75 25399.50 25397.50 25398.75 Bullish          1       3        2        2
2025-12-01 19:27:00+00:00 25649.25 25649.50 25649.25 25649.50 Bullish          2       2        3        2
2025-12-01 19:28:00+00:00 25397.50 25401.75 25394.50 25398.25 Bearish          2       2        2        2
2025-12-01 19:29:00+00:00 25397.25 25402.50 25397.25 25402.25 Bullish          2       3        2        2
2025-12-01 19:30:00+00:00 25403.00 25407.00 25402.00 25404.25 Bullish          3       3        2        2
2025-12-01 19:31:00+00:00 25403.25 25404.50 25401.00 25403.25 Bullish          3       3        2        2
2025-12-01 19:32:00+00:00 25403.25 25408.00 25403.00 25407.50 Bullish          3       3        2        2
2025-12-01 19:33:00+00:00 25406.75 25414.50 25406.00 25414.50 Bullish          4       3        2        2
2025-12-01 19:34:00+00:00 25415.00 25416.00 25412.75 25415.25 Bullish          5       3        2        2
2025-12-01 19:35:00+00:00 25414.75 25417.00 25413.25 25415.25 Bullish          5       3        2        2
2025-12-01 19:36:00+00:00 25666.75 25666.75 25666.75 25666.75 Bullish          6       0        5        0
2025-12-01 19:37:00+00:00 25417.50 25418.75 25413.00 25415.75 Bearish          5       0        5        1
2025-12-01 19:38:00+00:00 25415.25 25415.50 25410.50 25412.75 Bearish          5       1        5        1
2025-12-01 19:39:00+00:00 25413.25 25413.50 25411.00 25412.50 Bearish          5       1        5        1
2025-12-01 19:40:00+00:00 25412.25 25413.00 25409.25 25409.75 Bearish          5       1        5        1
2025-12-01 19:41:00+00:00 25408.50 25412.25 25406.50 25412.25 Bearish          5       1        5        1
2025-12-01 19:42:00+00:00 25412.50 25413.25 25411.00 25412.00 Bearish          5       1        5        1
2025-12-01 19:43:00+00:00 25662.50 25665.50 25661.50 25661.50 Bullish          6       1        5        1
2025-12-01 19:44:00+00:00 25411.50 25412.00 25407.75 25411.00 Bearish          5       1        5        2
2025-12-01 19:45:00+00:00 25659.75 25664.00 25659.75 25664.00 Bullish          5       1        5        1
2025-12-01 19:46:00+00:00 25664.00 25664.00 25663.75 25663.75 Bullish          6       1        5        1
2025-12-01 19:47:00+00:00 25408.00 25409.25 25405.25 25406.75 Bearish          4       2        4        3
2025-12-01 19:48:00+00:00 25407.00 25410.75 25404.25 25410.25 Bullish          4       3        4        3
2025-12-01 19:49:00+00:00 25410.00 25411.75 25408.50 25408.75 Bullish          4       3        4        3
2025-12-01 19:50:00+00:00 25660.75 25660.75 25660.00 25660.00 Bullish          5       2        5        2
2025-12-01 19:51:00+00:00 25662.50 25662.50 25662.50 25662.50 Bullish          6       2        5        2
2025-12-01 19:52:00+00:00 25407.75 25408.00 25405.25 25406.50 Bearish          4       3        4        4
2025-12-01 19:53:00+00:00 25406.25 25409.00 25406.00 25407.75 Bearish          4       4        4        4
2025-12-01 19:54:00+00:00 25660.50 25660.50 25656.25 25656.25 Bullish          5       4        4        4
2025-12-01 19:55:00+00:00 25406.00 25408.50 25404.75 25408.50 Bearish          5       4        4        4
2025-12-01 19:56:00+00:00 25408.50 25410.50 25407.75 25409.50 Bullish          5       5        4        4
2025-12-01 19:57:00+00:00 25663.25 25663.50 25663.25 25663.25 Bullish          6       2        7        2
2025-12-01 19:58:00+00:00 25411.25 25411.50 25408.50 25408.50 Bearish          6       2        5        2
2025-12-01 19:59:00+00:00 25662.00 25662.25 25661.00 25662.25 Bullish          6       3        5        2
2025-12-01 20:00:00+00:00 25408.50 25408.50 25401.25 25403.75 Bearish          3       3        4        5
2025-12-01 20:01:00+00:00 25403.25 25409.75 25403.00 25408.00 Bullish          3       4        4        4
2025-12-01 20:02:00+00:00 25657.75 25657.75 25657.25 25657.25 Bullish          4       4        4        3
2025-12-01 20:03:00+00:00 25404.00 25408.25 25404.00 25406.75 Bearish          3       4        4        4
2025-12-01 20:04:00+00:00 25408.00 25413.00 25407.50 25411.25 Bullish          3       5        4        4
2025-12-01 20:05:00+00:00 25411.00 25416.25 25408.00 25416.25 Bullish          3       5        4        4
2025-12-01 20:06:00+00:00 25415.50 25443.50 25414.75 25441.25 Bullish          4       5        4        4
2025-12-01 20:07:00+00:00 25442.75 25443.50 25430.50 25432.00 Bullish          5       5        4        4
2025-12-01 20:08:00+00:00 25432.50 25432.50 25423.00 25427.75 Bearish          5       5        4        4
2025-12-01 20:09:00+00:00 25680.00 25680.00 25677.00 25679.25 Bullish          6       0        9        0
2025-12-01 20:10:00+00:00 25432.75 25438.75 25429.75 25435.25 Bearish          5       0        8        1
2025-12-01 20:11:00+00:00 25435.00 25440.25 25432.75 25435.25 Bearish          5       1        8        1
2025-12-01 20:12:00+00:00 25435.50 25439.75 25434.25 25435.00 Bearish          5       1        8        1
2025-12-01 20:13:00+00:00 25434.50 25436.00 25428.75 25432.75 Bearish          5       1        8        1
2025-12-01 20:14:00+00:00 25434.00 25437.00 25432.00 25435.00 Bearish          5       1        8        1
2025-12-01 20:15:00+00:00 25433.00 25437.25 25431.75 25435.75 Bearish          5       1        8        1
2025-12-01 20:16:00+00:00 25435.00 25442.50 25435.00 25442.00 Bullish          5       1        8        1
2025-12-01 20:17:00+00:00 25441.75 25444.75 25438.25 25440.50 Bullish          6       1        8        1
2025-12-01 20:18:00+00:00 25440.00 25441.50 25437.50 25438.50 Bullish          6       1        8        1
2025-12-01 20:19:00+00:00 25438.25 25438.25 25432.25 25435.25 Bearish          5       1        8        2
2025-12-01 20:20:00+00:00 25435.00 25440.75 25430.50 25438.75 Bullish          5       1        8        1
2025-12-01 20:21:00+00:00 25439.00 25441.00 25435.00 25436.25 Bullish          5       1        8        1
2025-12-01 20:22:00+00:00 25435.75 25439.75 25434.50 25438.00 Bullish          5       1        8        1
2025-12-01 20:23:00+00:00 25438.50 25440.00 25436.75 25438.75 Bullish          5       1        8        1
2025-12-01 20:24:00+00:00 25439.00 25444.00 25438.50 25441.00 Bullish          5       1        8        1
2025-12-01 20:25:00+00:00 25441.00 25442.00 25439.50 25440.50 Bullish          5       1        8        1
2025-12-01 20:26:00+00:00 25440.25 25444.00 25438.75 25443.25 Bullish          5       1        8        1
2025-12-01 20:27:00+00:00 25443.00 25445.00 25438.00 25438.00 Bearish          5       1        8        1
2025-12-01 20:28:00+00:00 25693.25 25693.25 25691.00 25691.00 Bullish          6       0        9        0
2025-12-01 20:29:00+00:00 25438.00 25440.25 25435.75 25437.50 Bearish          5       0        8        1
2025-12-01 20:30:00+00:00 25436.50 25436.50 25420.00 25420.75 Bearish          5       1        8        1
2025-12-01 20:31:00+00:00 25420.75 25427.25 25418.50 25421.75 Bearish          5       2        8        1
2025-12-01 20:32:00+00:00 25422.25 25427.75 25416.00 25424.75 Bearish          5       2        8        1
2025-12-01 20:33:00+00:00 25424.75 25430.25 25423.25 25427.00 Bearish          5       2        8        1
2025-12-01 20:34:00+00:00 25427.25 25427.25 25421.50 25423.00 Bearish          5       2        8        1
2025-12-01 20:35:00+00:00 25422.75 25427.50 25417.25 25419.25 Bearish          5       2        8        1
2025-12-01 20:36:00+00:00 25668.75 25668.75 25668.75 25668.75 Bullish          6       1        9        1
2025-12-01 20:37:00+00:00 25677.75 25677.75 25675.50 25677.00 Bullish          7       1        9        1
2025-12-01 20:38:00+00:00 25423.50 25425.25 25420.25 25423.25 Bearish          5       2        8        3
2025-12-01 20:39:00+00:00 25675.25 25675.25 25674.75 25674.75 Bullish          5       2        9        2
2025-12-01 20:40:00+00:00 25423.00 25424.75 25420.50 25422.75 Bearish          5       2        8        2
2025-12-01 20:41:00+00:00 25420.75 25426.25 25420.75 25424.50 Bearish          5       3        8        2
2025-12-01 20:42:00+00:00 25424.25 25424.25 25418.00 25420.00 Bearish          5       3        8        2
2025-12-01 20:43:00+00:00 25419.75 25421.25 25417.50 25418.75 Bearish          5       3        8        2
2025-12-01 20:44:00+00:00 25670.00 25670.00 25670.00 25670.00 Bullish          6       3        8        2
2025-12-01 20:45:00+00:00 25669.00 25669.00 25669.00 25669.00 Bearish          7       3        8        2
2025-12-01 20:46:00+00:00 25420.00 25423.25 25419.75 25421.25 Bearish          6       4        8        3
2025-12-01 20:47:00+00:00 25421.75 25422.25 25418.25 25420.75 Bearish          5       5        8        4
2025-12-01 20:48:00+00:00 25419.50 25420.25 25417.25 25419.50 Bearish          5       5        8        4
2025-12-01 20:49:00+00:00 25419.00 25420.50 25415.75 25418.00 Bearish          5       5        8        4
2025-12-01 20:50:00+00:00 25417.50 25419.75 25416.50 25417.50 Bearish          5       5        8        4
2025-12-01 20:51:00+00:00 25417.25 25421.25 25417.25 25417.75 Bearish          5       5        8        4
2025-12-01 20:52:00+00:00 25418.25 25420.75 25417.75 25419.50 Bearish          5       5        8        4
2025-12-01 20:53:00+00:00 25669.75 25669.75 25669.75 25669.75 Bullish          6       4        9        3
2025-12-01 20:54:00+00:00 25419.25 25422.75 25419.25 25422.25 Bearish          6       4        9        3
2025-12-01 20:55:00+00:00 25420.75 25420.75 25416.75 25417.25 Bearish          5       5        8        4
2025-12-01 20:56:00+00:00 25418.00 25418.75 25416.50 25417.25 Bearish          5       6        8        4
2025-12-01 20:57:00+00:00 25417.50 25420.50 25415.00 25417.50 Bearish          5       6        8        4
2025-12-01 20:58:00+00:00 25417.75 25417.75 25412.75 25413.75 Bearish          4       6        7        5
2025-12-01 20:59:00+00:00 25413.50 25416.25 25412.50 25413.50 Bearish          4       6        7        5
2025-12-01 21:00:00+00:00   252.90   252.90   252.90   252.90 Bearish          2       7        2        7
2025-12-01 21:01:00+00:00 25403.00 25403.50 25396.25 25401.75 Bullish          2       8        2        7
2025-12-01 21:02:00+00:00 25655.00 25655.00 25655.00 25655.00 Bullish          3       5        5        4
2025-12-01 21:03:00+00:00 25658.75 25660.00 25658.75 25660.00 Bullish          4       5        5        4
2025-12-01 21:04:00+00:00 25663.00 25663.00 25663.00 25663.00 Bullish          5       5        5        4
2025-12-01 21:05:00+00:00 25408.00 25408.75 25404.50 25407.25 Bearish          4       6        4        5
2025-12-01 21:06:00+00:00 25406.75 25408.00 25399.00 25403.50 Bearish          4       7        4        5
2025-12-01 21:07:00+00:00 25402.75 25402.75 25396.00 25401.50 Bearish          3       8        3        6
2025-12-01 21:08:00+00:00 25653.75 25653.75 25653.75 25653.75 Bullish          4       7        4        6
2025-12-01 21:09:00+00:00 25397.75 25398.25 25395.00 25396.25 Bearish          3       7        3        7
2025-12-01 21:10:00+00:00 25649.00 25649.00 25649.00 25649.00 Bullish          3       8        3        7
2025-12-01 21:11:00+00:00 25393.50 25397.50 25392.50 25395.25 Bearish          3       8        3        7
2025-12-01 21:12:00+00:00 25395.25 25395.25 25392.00 25392.00 Bearish          3       9        3        7
2025-12-01 21:13:00+00:00 25391.75 25395.75 25386.00 25389.00 Bearish          3       9        3        7
2025-12-01 21:14:00+00:00 25642.00 25648.00 25642.00 25648.00 Bullish          4       9        3        7
2025-12-01 21:15:00+00:00 25651.00 25651.00 25650.00 25650.00 Bullish          5       8        4        7
2025-12-01 21:16:00+00:00 25399.00 25407.00 25398.00 25405.00 Bearish          5       9        4        7
2025-12-01 21:17:00+00:00 25404.25 25407.25 25403.00 25403.25 Bearish          5      10        4        7
2025-12-01 21:18:00+00:00 25404.00 25406.00 25401.25 25401.75 Bearish          5      10        4        7
2025-12-01 21:19:00+00:00 25400.75 25403.25 25400.00 25401.00 Bearish          5      10        4        7
2025-12-01 21:20:00+00:00 25651.75 25651.75 25651.75 25651.75 Bullish          6       8        6        7
2025-12-01 21:21:00+00:00 25658.00 25658.00 25658.00 25658.00 Bullish          7       7        7        6
2025-12-01 21:22:00+00:00 25403.75 25404.00 25400.50 25401.75 Bearish          5       8        4        8
2025-12-01 21:23:00+00:00 25650.00 25650.00 25650.00 25650.00 Bullish          5       9        4        8
2025-12-01 21:24:00+00:00 25400.25 25403.50 25399.75 25401.00 Bearish          5       9        4        8
2025-12-01 21:25:00+00:00 25401.50 25404.00 25401.50 25403.25 Bearish          5      10        4        8
2025-12-01 21:26:00+00:00 25403.75 25405.50 25402.00 25402.75 Bearish          5      10        4        8
2025-12-01 21:27:00+00:00 25402.75 25404.00 25401.00 25402.50 Bearish          5      10        4        8
2025-12-01 21:28:00+00:00 25402.00 25404.00 25400.25 25402.75 Bearish          5      10        4        8
2025-12-01 21:29:00+00:00 25403.25 25403.50 25401.00 25401.00 Bearish          5      10        4        8
2025-12-01 21:30:00+00:00 25401.00 25403.75 25396.75 25401.00 Bearish          5      10        4        8
2025-12-01 21:31:00+00:00 25400.25 25403.50 25397.00 25400.50 Bearish          5      10        4        8
2025-12-01 21:32:00+00:00 25651.25 25651.25 25648.00 25648.50 Bullish          6      10        4        8
2025-12-01 21:33:00+00:00 25395.75 25400.50 25395.25 25397.25 Bearish          5      10        4        9
2025-12-01 21:34:00+00:00 25396.75 25398.00 25395.00 25396.75 Bearish          5      11        4        9
2025-12-01 21:35:00+00:00 25397.25 25399.75 25397.00 25399.00 Bullish          5      11        4        9
2025-12-01 21:36:00+00:00 25399.75 25405.00 25399.75 25403.00 Bullish          6      11        4        9
2025-12-01 21:37:00+00:00 25656.75 25657.00 25656.75 25657.00 Bullish          7       8        7        7
2025-12-01 21:38:00+00:00 25660.75 25662.50 25660.75 25662.50 Bullish          8       6        9        5
2025-12-01 21:39:00+00:00 25408.25 25411.50 25407.75 25409.25 Bearish          8       7        8        5
2025-12-01 21:40:00+00:00 25409.75 25412.00 25409.50 25411.75 Bullish          8       8        8        5
2025-12-01 21:41:00+00:00 25411.75 25418.75 25411.75 25417.50 Bullish          9       8        8        5
2025-12-01 21:42:00+00:00 25671.25 25671.25 25670.75 25670.75 Bullish         10       3       13        2
2025-12-01 21:43:00+00:00 25418.00 25418.75 25416.00 25417.75 Bearish         10       3       11        2
2025-12-01 21:44:00+00:00 25673.25 25673.25 25673.25 25673.25 Bullish         11       3       11        2
2025-12-01 21:45:00+00:00 25419.25 25423.00 25418.75 25421.50 Bearish         10       3       11        3
2025-12-01 21:46:00+00:00 25420.75 25422.00 25419.25 25421.00 Bearish         10       4       11        3
2025-12-01 21:47:00+00:00 25421.00 25423.00 25418.00 25419.00 Bearish         10       4       11        3
2025-12-01 21:48:00+00:00 25671.00 25671.00 25671.00 25671.00 Bullish         11       4       11        3
2025-12-01 21:49:00+00:00 25418.75 25421.75 25417.25 25420.00 Bearish         10       4       11        4
2025-12-01 21:50:00+00:00 25420.50 25421.00 25419.25 25420.50 Bearish         10       5       11        4
2025-12-01 21:51:00+00:00 25420.25 25423.00 25420.00 25422.75 Bullish         10       5       11        4
2025-12-01 21:52:00+00:00 25672.00 25681.00 25672.00 25681.00 Bullish         11       1       15        1
2025-12-01 21:53:00+00:00 25425.25 25427.00 25424.25 25424.75 Bearish         12       1       13        1
2025-12-01 21:54:00+00:00 25424.00 25427.00 25423.75 25426.25 Bearish         12       2       13        1
2025-12-01 21:55:00+00:00 25426.50 25429.25 25426.00 25428.25 Bullish         12       2       13        1
2025-12-01 21:56:00+00:00 25683.25 25684.00 25683.25 25684.00 Bullish         13       1       14        1
2025-12-01 21:57:00+00:00 25428.25 25428.50 25425.25 25425.25 Bearish         12       1       13        2
2025-12-01 21:58:00+00:00 25425.75 25427.50 25423.50 25424.25 Bearish         12       2       13        2
2025-12-01 21:59:00+00:00 25676.25 25677.75 25675.00 25675.00 Bullish         13       2       13        2
2025-12-01 22:00:00+00:00 25423.75 25424.50 25422.00 25424.50 Bearish         12       2       13        3
2025-12-01 22:01:00+00:00 25677.00 25678.75 25676.50 25677.00 Bullish         12       2       13        2
2025-12-01 22:02:00+00:00 25425.00 25425.00 25419.25 25421.25 Bearish         11       2       12        3
2025-12-01 22:03:00+00:00 25420.50 25425.00 25420.00 25424.25 Bearish         11       3       12        3
2025-12-01 22:04:00+00:00 25423.75 25424.00 25420.75 25422.00 Bearish         11       3       12        3
2025-12-01 22:05:00+00:00 25421.25 25422.50 25419.25 25421.75 Bearish         11       3       12        3
2025-12-01 22:06:00+00:00 25421.25 25424.00 25419.50 25422.25 Bearish         11       3       12        3
2025-12-01 22:07:00+00:00   252.25   252.25   252.25   252.25 Bearish          1       4        1       13
2025-12-01 22:08:00+00:00 25420.25 25421.25 25417.75 25417.75 Bullish          1       4        1       11
2025-12-01 22:09:00+00:00 25418.25 25419.00 25416.25 25418.50 Bullish          2       4        1       11
2025-12-01 22:10:00+00:00 25418.25 25419.50 25416.00 25416.75 Bullish          2       4        1       11
2025-12-01 22:11:00+00:00   252.55   252.55   252.55   252.55 Bearish          2       5        1       11
2025-12-01 22:12:00+00:00 25414.50 25416.00 25413.00 25414.75 Bullish          2       5        1       11
2025-12-01 22:13:00+00:00 25414.00 25414.00 25409.75 25409.75 Bearish          3       5        1       11
2025-12-01 22:14:00+00:00 25409.75 25410.50 25407.50 25409.00 Bearish          3       6        1       11
2025-12-01 22:15:00+00:00 25408.50 25408.50 25401.75 25402.00 Bearish          3       7        1       11
2025-12-01 22:16:00+00:00 25650.00 25652.25 25650.00 25652.25 Bullish          4       3        5        7
2025-12-01 22:17:00+00:00 25395.75 25396.75 25391.50 25394.25 Bearish          3       4        3        8
2025-12-01 22:18:00+00:00 25394.75 25398.75 25391.00 25397.00 Bullish          3       5        3        8
2025-12-01 22:19:00+00:00 25650.00 25654.00 25650.00 25652.75 Bullish          4       3        5        7
2025-12-01 22:20:00+00:00 25650.50 25652.75 25650.50 25652.25 Bullish          5       3        5        7
2025-12-01 22:21:00+00:00 25399.75 25399.75 25393.50 25394.00 Bearish          3       4        3        9
2025-12-01 22:22:00+00:00 25394.00 25394.00 25390.00 25390.50 Bearish          3       5        3        9
