TS                       Open     High      Low    Close Bias       BullFVG BearFVG BullIFVG BearIFVG
----------------------------------------------------------------------------------------------------
2024-01-02T00:05:00+00:00 17029.25 17029.75 17028.25 17028.25 Bearish          0       0        0        1
2024-01-02T00:06:00+00:00 17028.25 17028.50 17027.25 17028.00 Bearish          0       1        0        1
2024-01-02T00:07:00+00:00 17028.00 17029.00 17027.75 17028.00 Bearish          0       1        0        1
2024-01-02T00:08:00+00:00 17028.50 17028.75 17028.00 17028.50 Bearish          0       1        0        1
2024-01-02T00:09:00+00:00 17028.50 17029.50 17028.25 17029.25 Bullish          0       1        0        1
2024-01-02T00:10:00+00:00 17029.25 17029.50 17028.25 17029.00 Bullish          0       1        0        1
2024-01-02T00:11:00+00:00 17028.75 17028.75 17028.25 17028.50 Bullish          0       1        0        1
2024-01-02T00:12:00+00:00 17028.50 17029.25 17027.25 17027.25 Bearish          0       1        0        1
2024-01-02T00:13:00+00:00 17027.75 17028.00 17026.75 17027.00 Bearish          0       2        0        1
2024-01-02T00:14:00+00:00 17027.50 17028.00 17027.25 17027.75 Bearish          0       2        0        1
2024-01-02T00:15:00+00:00 17027.50 17028.50 17027.00 17027.50 Bearish          0       2        0        1
2024-01-02T00:16:00+00:00 17027.50 17028.00 17027.25 17027.25 Bearish          0       2        0        1
2024-01-02T00:17:00+00:00 17027.50 17028.00 17026.75 17026.75 Bearish          0       2        0        1
2024-01-02T00:18:00+00:00 17027.00 17027.00 17026.50 17026.50 Bearish          0       3        0        1
2024-01-02T00:19:00+00:00 17026.00 17026.25 17025.25 17025.50 Bearish          0       4        0        1
2024-01-02T00:20:00+00:00 17025.75 17026.00 17024.50 17025.50 Bearish          0       5        0        1
2024-01-02T00:21:00+00:00 17025.50 17025.75 17024.50 17024.50 Bearish          0       5        0        1
2024-01-02T00:22:00+00:00 17025.00 17025.50 17024.25 17024.75 Bearish          0       5        0        1
2024-01-02T00:23:00+00:00 17025.25 17025.50 17023.75 17024.00 Bearish          0       5        0        1
2024-01-02T00:24:00+00:00 17024.00 17025.50 17024.00 17025.25 Bearish          0       5        0        1
2024-01-02T00:25:00+00:00 17025.00 17025.50 17024.75 17024.75 Bearish          0       5        0        1
2024-01-02T00:26:00+00:00 17025.00 17025.25 17022.50 17022.75 Bearish          0       5        0        1
2024-01-02T00:27:00+00:00 17022.50 17022.75 17020.75 17021.00 Bearish          0       6        0        1
2024-01-02T00:28:00+00:00 17021.50 17021.75 17020.25 17020.50 Bearish          0       7        0        1
2024-01-02T00:29:00+00:00 17020.75 17020.75 17018.50 17019.75 Bearish          0       7        0        1
2024-01-02T00:30:00+00:00 17020.00 17020.00 17018.75 17019.25 Bearish          0       8        0        1
2024-01-02T00:31:00+00:00 17019.00 17019.75 17018.50 17019.25 Bearish          0       8        0        1
2024-01-02T00:32:00+00:00 17019.25 17020.00 17019.25 17019.75 Bearish          0       8        0        1
2024-01-02T00:33:00+00:00 17019.75 17022.00 17019.50 17021.75 Bullish          0       7        1        1
2024-01-02T00:34:00+00:00 17021.75 17022.75 17021.75 17022.75 Bullish          1       6        2        1
2024-01-02T00:35:00+00:00 17022.75 17024.75 17022.75 17024.75 Bullish          2       6        2        1
2024-01-02T00:36:00+00:00 17024.75 17025.00 17024.25 17024.75 Bullish          3       6        2        1
2024-01-02T00:37:00+00:00 17024.50 17026.25 17024.50 17026.00 Bullish          3       5        3        1
2024-01-02T00:38:00+00:00 17025.75 17027.25 17025.75 17027.00 Bullish          4       3        5        1
2024-01-02T00:39:00+00:00 17026.75 17027.50 17026.25 17026.75 Bullish          4       3        5        1
2024-01-02T00:40:00+00:00 17027.25 17027.25 17027.00 17027.25 Bullish          4       3        5        1
2024-01-02T00:41:00+00:00 17027.00 17027.00 17023.75 17024.00 Bearish          3       3        3        2
2024-01-02T00:42:00+00:00 17023.75 17024.50 17023.75 17024.50 Bearish          3       4        3        2
2024-01-02T00:43:00+00:00 17024.75 17025.50 17024.50 17025.25 Bullish          3       4        3        2
2024-01-02T00:44:00+00:00 17025.50 17026.25 17025.00 17026.00 Bullish          4       4        3        1
2024-01-02T00:45:00+00:00 17026.25 17026.75 17024.75 17025.25 Bullish          4       4        3        1
2024-01-02T00:46:00+00:00 17025.50 17026.00 17025.00 17026.00 Bullish          4       4        3        1
2024-01-02T00:47:00+00:00 17026.00 17026.00 17024.50 17024.75 Bearish          4       4        3        1
2024-01-02T00:48:00+00:00 17024.75 17025.50 17024.75 17025.25 Bearish          4       4        3        1
2024-01-02T00:49:00+00:00 17024.75 17026.25 17024.75 17026.25 Bullish          4       4        3        1
2024-01-02T00:50:00+00:00 17026.50 17027.25 17026.00 17026.00 Bullish          5       4        3        1
2024-01-02T00:51:00+00:00 17026.25 17027.00 17026.25 17027.00 Bullish          5       4        3        1
2024-01-02T00:52:00+00:00 17027.25 17027.50 17026.50 17026.75 Bullish          5       4        3        1
2024-01-02T00:53:00+00:00 17026.75 17027.25 17026.75 17027.00 Bullish          5       4        3        1
2024-01-02T00:54:00+00:00 17027.25 17027.50 17026.00 17026.00 Bearish          5       4        3        1
2024-01-02T00:55:00+00:00 17026.25 17026.75 17026.25 17026.75 Bearish          5       4        3        1
2024-01-02T00:56:00+00:00 17026.50 17027.50 17026.50 17027.00 Bullish          5       4        3        1
2024-01-02T00:57:00+00:00 17027.00 17027.75 17026.25 17026.25 Bearish          5       4        3        1
2024-01-02T00:58:00+00:00 17026.25 17026.75 17025.75 17026.25 Bearish          5       4        3        1
2024-01-02T00:59:00+00:00 17236.25 17236.50 17236.25 17236.50 Bullish          6       0        7        0
2024-01-02T01:00:00+00:00 17026.75 17027.75 17026.25 17027.25 Bearish          5       0        5        1
2024-01-02T01:01:00+00:00 17027.00 17029.50 17026.50 17029.25 Bullish          5       1        5        1
2024-01-02T01:02:00+00:00 17241.50 17241.50 17241.50 17241.50 Bullish          6       0        6        0
2024-01-02T01:03:00+00:00 17031.75 17033.25 17031.50 17032.75 Bearish          7       0        6        0
2024-01-02T01:04:00+00:00 17032.50 17037.00 17032.50 17035.50 Bullish          7       1        6        0
2024-01-02T01:05:00+00:00 17035.75 17038.50 17035.00 17037.75 Bullish          8       1        6        0
2024-01-02T01:06:00+00:00 17038.00 17038.50 17036.75 17037.25 Bullish          8       1        6        0
2024-01-02T01:07:00+00:00 17037.75 17037.75 17036.00 17036.00 Bearish          8       1        6        0
2024-01-02T01:08:00+00:00 17243.00 17243.00 17243.00 17243.00 Bullish          9       0        7        0
2024-01-02T01:09:00+00:00 17033.75 17033.75 17032.00 17033.00 Bearish          7       1        6        2
2024-01-02T01:10:00+00:00 17032.50 17033.50 17031.75 17033.50 Bearish          7       2        6        2
2024-01-02T01:11:00+00:00 17033.50 17033.50 17031.25 17032.00 Bearish          7       2        6        2
2024-01-02T01:12:00+00:00 17032.00 17032.25 17031.00 17032.00 Bearish          7       2        6        2
2024-01-02T01:13:00+00:00 17032.25 17032.25 17029.50 17031.25 Bearish          7       2        6        2
2024-01-02T01:14:00+00:00 17238.25 17238.25 17238.25 17238.25 Bullish          8       1        7        1
2024-01-02T01:15:00+00:00 17029.50 17033.00 17029.50 17032.75 Bearish          8       1        6        1
2024-01-02T01:16:00+00:00 17032.50 17034.75 17032.00 17034.75 Bullish          8       2        6        1
2024-01-02T01:17:00+00:00 17034.50 17035.00 17033.50 17035.00 Bullish          9       2        6        1
2024-01-02T01:18:00+00:00 17035.00 17035.50 17033.75 17035.25 Bullish          9       2        6        1
2024-01-02T01:19:00+00:00 17035.25 17035.75 17034.50 17035.50 Bullish          9       2        6        1
2024-01-02T01:20:00+00:00 17035.75 17036.50 17032.75 17032.75 Bearish          8       2        6        2
2024-01-02T01:21:00+00:00 17032.50 17033.50 17032.00 17032.25 Bearish          8       3        6        2
2024-01-02T01:22:00+00:00 17032.25 17032.25 17031.75 17031.75 Bearish          7       4        6        3
2024-01-02T01:23:00+00:00 17031.50 17033.00 17031.50 17032.50 Bullish          7       4        6        3
2024-01-02T01:24:00+00:00 17032.75 17033.75 17032.25 17033.25 Bullish          7       3        7        3
2024-01-02T01:25:00+00:00 17033.75 17034.00 17031.75 17032.00 Bearish          7       3        6        3
2024-01-02T01:26:00+00:00 17032.00 17032.50 17031.50 17032.50 Bearish          7       3        6        3
2024-01-02T01:27:00+00:00 17031.75 17032.25 17031.50 17032.00 Bearish          7       3        6        3
2024-01-02T01:28:00+00:00 17031.75 17031.75 17029.50 17030.00 Bearish          7       3        6        3
2024-01-02T01:29:00+00:00 17029.75 17029.75 17026.75 17029.25 Bearish          6       4        5        4
2024-01-02T01:30:00+00:00 17029.00 17031.50 17028.50 17031.25 Bullish          6       4        5        4
2024-01-02T01:31:00+00:00 17031.25 17031.50 17028.75 17029.00 Bullish          6       4        5        4
2024-01-02T01:32:00+00:00 17029.00 17029.75 17029.00 17029.75 Bullish          6       4        5        4
2024-01-02T01:33:00+00:00 17029.25 17029.25 17027.00 17027.50 Bearish          5       4        5        5
2024-01-02T01:34:00+00:00 17027.50 17028.00 17026.25 17026.50 Bearish          5       5        4        5
2024-01-02T01:35:00+00:00 17026.50 17026.50 17024.00 17025.00 Bearish          4       6        4        6
2024-01-02T01:36:00+00:00 17025.25 17026.25 17024.00 17025.50 Bearish          4       6        4        6
2024-01-02T01:37:00+00:00 17025.00 17026.00 17023.00 17023.25 Bearish          3       6        3        7
2024-01-02T01:38:00+00:00 17023.25 17023.75 17022.50 17022.75 Bearish          3       7        3        7
2024-01-02T01:39:00+00:00 17022.75 17022.75 17019.00 17020.25 Bearish          1       8        1        9
2024-01-02T01:40:00+00:00 17020.25 17020.25 17018.50 17020.00 Bearish          1       9        1        9
2024-01-02T01:41:00+00:00 17020.00 17020.00 17015.00 17015.25 Bearish          0       9        0       10
2024-01-02T01:42:00+00:00 17015.25 17016.00 17010.75 17011.25 Bearish          0      10        0       10
2024-01-02T01:43:00+00:00 17011.50 17013.50 17011.50 17012.75 Bearish          0      11        0       10
2024-01-02T01:44:00+00:00 17013.00 17015.00 17012.75 17015.00 Bullish          0      11        0       10
2024-01-02T01:45:00+00:00 17015.00 17022.50 17015.00 17018.75 Bullish          1       9        2       10
2024-01-02T01:46:00+00:00 17018.50 17018.50 17016.50 17017.50 Bullish          2       9        2       10
2024-01-02T01:47:00+00:00 17017.25 17018.50 17015.75 17016.25 Bearish          2       9        2       10
2024-01-02T01:48:00+00:00 17016.25 17016.75 17015.00 17015.75 Bearish          2       9        1       10
2024-01-02T01:49:00+00:00 17015.25 17015.75 17013.75 17014.00 Bearish          1       9        1       11
2024-01-02T01:50:00+00:00 17014.50 17016.00 17013.75 17013.75 Bearish          1       9        1       11
2024-01-02T01:51:00+00:00 17013.75 17018.25 17013.75 17018.25 Bullish          1       9        1       10
2024-01-02T01:52:00+00:00 17018.25 17018.25 17016.00 17016.00 Bullish          1       9        1       10
2024-01-02T01:53:00+00:00 17016.00 17017.25 17015.75 17017.25 Bullish          1       9        1       10
2024-01-02T01:54:00+00:00 17017.00 17017.75 17016.50 17017.25 Bullish          1       9        1       10
2024-01-02T01:55:00+00:00 17017.25 17018.25 17016.50 17017.25 Bullish          1       9        1       10
2024-01-02T01:56:00+00:00 17017.75 17018.00 17015.75 17015.75 Bearish          1       9        1       10
2024-01-02T01:57:00+00:00 17015.75 17016.00 17014.00 17016.00 Bearish          1      10        1       10
2024-01-02T01:58:00+00:00 17015.75 17016.75 17015.50 17016.25 Bullish          1      10        1       10
2024-01-02T01:59:00+00:00 17016.00 17016.00 17014.50 17014.50 Bearish          1      10        1       10
2024-01-02T02:00:00+00:00 17014.50 17016.25 17013.75 17015.75 Bearish          1      10        1       10
2024-01-02T02:01:00+00:00 17014.75 17016.50 17014.50 17016.50 Bullish          1      10        1       10
2024-01-02T02:02:00+00:00 17016.50 17018.25 17016.50 17017.25 Bullish          2       9        2       10
