TS                       Open     High      Low    Close Bias       BullFVG BearFVG BullIFVG BearIFVG
----------------------------------------------------------------------------------------------------
2025-12-02T00:05:00+00:00 25390.50 25393.50 25389.50 25391.25 Bullish          0       2        0        0
2025-12-02T00:06:00+00:00 25391.75 25401.00 25391.75 25396.75 Bullish          1       2        0        0
2025-12-02T00:07:00+00:00 25396.50 25405.25 25396.50 25401.00 Bullish          2       2        0        0
2025-12-02T00:08:00+00:00 25401.25 25401.50 25396.75 25400.75 Bullish          2       2        0        0
2025-12-02T00:09:00+00:00 25652.25 25652.25 25652.25 25652.25 Bullish          3       0        2        0
2025-12-02T00:10:00+00:00 25402.25 25407.50 25402.25 25405.75 Bearish          4       0        2        0
2025-12-02T00:11:00+00:00 25405.25 25410.00 25404.00 25407.75 Bullish          4       1        2        0
2025-12-02T00:12:00+00:00 25409.25 25409.25 25404.00 25404.75 Bearish          3       1        2        1
2025-12-02T00:13:00+00:00   250.50   251.20   250.50   251.20 Bearish          0       2        0        4
2025-12-02T00:14:00+00:00 25658.00 25658.00 25658.00 25658.00 Bullish          1       0        2        0
2025-12-02T00:15:00+00:00 25403.75 25409.75 25403.75 25406.75 Bearish          1       0        1        1
2025-12-02T00:16:00+00:00 25406.50 25408.50 25405.00 25405.75 Bearish          1       1        1        1
2025-12-02T00:17:00+00:00 25406.00 25406.00 25400.25 25404.25 Bearish          1       1        1        1
2025-12-02T00:18:00+00:00 25403.75 25407.50 25403.50 25405.50 Bearish          1       1        1        1
2025-12-02T00:19:00+00:00 25658.00 25658.00 25658.00 25658.00 Bullish          2       1        1        1
2025-12-02T00:20:00+00:00 25405.00 25405.25 25401.50 25403.00 Bearish          1       1        1        2
2025-12-02T00:21:00+00:00 25402.25 25403.75 25401.50 25402.50 Bearish          1       2        1        2
2025-12-02T00:22:00+00:00 25401.00 25404.00 25399.25 25403.25 Bearish          1       2        1        2
2025-12-02T00:23:00+00:00 25402.50 25403.50 25396.75 25396.75 Bearish          1       2        1        2
2025-12-02T00:24:00+00:00 25397.50 25398.50 25395.00 25397.00 Bearish          1       3        1        2
2025-12-02T00:25:00+00:00   252.40   252.40   252.40   252.40 Bearish          1       4        1        2
2025-12-02T00:26:00+00:00 25398.75 25399.50 25397.50 25398.75 Bullish          1       3        2        2
2025-12-02T00:27:00+00:00 25649.25 25649.50 25649.25 25649.50 Bullish          2       2        3        2
2025-12-02T00:28:00+00:00 25397.50 25401.75 25394.50 25398.25 Bearish          2       2        2        2
2025-12-02T00:29:00+00:00 25397.25 25402.50 25397.25 25402.25 Bullish          2       3        2        2
2025-12-02T00:30:00+00:00 25403.00 25407.00 25402.00 25404.25 Bullish          3       3        2        2
2025-12-02T00:31:00+00:00 25403.25 25404.50 25401.00 25403.25 Bullish          3       3        2        2
2025-12-02T00:32:00+00:00 25403.25 25408.00 25403.00 25407.50 Bullish          3       3        2        2
2025-12-02T00:33:00+00:00 25406.75 25414.50 25406.00 25414.50 Bullish          4       3        2        2
2025-12-02T00:34:00+00:00 25415.00 25416.00 25412.75 25415.25 Bullish          5       3        2        2
2025-12-02T00:35:00+00:00 25414.75 25417.00 25413.25 25415.25 Bullish          5       3        2        2
2025-12-02T00:36:00+00:00 25666.75 25666.75 25666.75 25666.75 Bullish          6       0        5        0
2025-12-02T00:37:00+00:00 25417.50 25418.75 25413.00 25415.75 Bearish          5       0        5        1
2025-12-02T00:38:00+00:00 25415.25 25415.50 25410.50 25412.75 Bearish          5       1        5        1
2025-12-02T00:39:00+00:00 25413.25 25413.50 25411.00 25412.50 Bearish          5       1        5        1
2025-12-02T00:40:00+00:00 25412.25 25413.00 25409.25 25409.75 Bearish          5       1        5        1
2025-12-02T00:41:00+00:00 25408.50 25412.25 25406.50 25412.25 Bearish          5       1        5        1
2025-12-02T00:42:00+00:00 25412.50 25413.25 25411.00 25412.00 Bearish          5       1        5        1
2025-12-02T00:43:00+00:00 25662.50 25665.50 25661.50 25661.50 Bullish          6       1        5        1
2025-12-02T00:44:00+00:00 25411.50 25412.00 25407.75 25411.00 Bearish          5       1        5        2
2025-12-02T00:45:00+00:00 25659.75 25664.00 25659.75 25664.00 Bullish          5       1        5        1
2025-12-02T00:46:00+00:00 25664.00 25664.00 25663.75 25663.75 Bullish          6       1        5        1
2025-12-02T00:47:00+00:00 25408.00 25409.25 25405.25 25406.75 Bearish          4       2        4        3
2025-12-02T00:48:00+00:00 25407.00 25410.75 25404.25 25410.25 Bullish          4       3        4        3
2025-12-02T00:49:00+00:00 25410.00 25411.75 25408.50 25408.75 Bullish          4       3        4        3
2025-12-02T00:50:00+00:00 25660.75 25660.75 25660.00 25660.00 Bullish          5       2        5        2
2025-12-02T00:51:00+00:00 25662.50 25662.50 25662.50 25662.50 Bullish          6       2        5        2
2025-12-02T00:52:00+00:00 25407.75 25408.00 25405.25 25406.50 Bearish          4       3        4        4
2025-12-02T00:53:00+00:00 25406.25 25409.00 25406.00 25407.75 Bearish          4       4        4        4
2025-12-02T00:54:00+00:00 25660.50 25660.50 25656.25 25656.25 Bullish          5       4        4        4
2025-12-02T00:55:00+00:00 25406.00 25408.50 25404.75 25408.50 Bearish          5       4        4        4
2025-12-02T00:56:00+00:00 25408.50 25410.50 25407.75 25409.50 Bullish          5       5        4        4
2025-12-02T00:57:00+00:00 25663.25 25663.50 25663.25 25663.25 Bullish          6       2        7        2
2025-12-02T00:58:00+00:00 25411.25 25411.50 25408.50 25408.50 Bearish          6       2        5        2
2025-12-02T00:59:00+00:00 25662.00 25662.25 25661.00 25662.25 Bullish          6       3        5        2
2025-12-02T01:00:00+00:00 25408.50 25408.50 25401.25 25403.75 Bearish          3       3        4        5
2025-12-02T01:01:00+00:00 25403.25 25409.75 25403.00 25408.00 Bullish          3       4        4        4
2025-12-02T01:02:00+00:00 25657.75 25657.75 25657.25 25657.25 Bullish          4       4        4        3
2025-12-02T01:03:00+00:00 25404.00 25408.25 25404.00 25406.75 Bearish          3       4        4        4
2025-12-02T01:04:00+00:00 25408.00 25413.00 25407.50 25411.25 Bullish          3       5        4        4
2025-12-02T01:05:00+00:00 25411.00 25416.25 25408.00 25416.25 Bullish          3       5        4        4
2025-12-02T01:06:00+00:00 25415.50 25443.50 25414.75 25441.25 Bullish          4       5        4        4
2025-12-02T01:07:00+00:00 25442.75 25443.50 25430.50 25432.00 Bullish          5       5        4        4
2025-12-02T01:08:00+00:00 25432.50 25432.50 25423.00 25427.75 Bearish          5       5        4        4
2025-12-02T01:09:00+00:00 25680.00 25680.00 25677.00 25679.25 Bullish          6       0        9        0
2025-12-02T01:10:00+00:00 25432.75 25438.75 25429.75 25435.25 Bearish          5       0        8        1
2025-12-02T01:11:00+00:00 25435.00 25440.25 25432.75 25435.25 Bearish          5       1        8        1
2025-12-02T01:12:00+00:00 25435.50 25439.75 25434.25 25435.00 Bearish          5       1        8        1
2025-12-02T01:13:00+00:00 25434.50 25436.00 25428.75 25432.75 Bearish          5       1        8        1
2025-12-02T01:14:00+00:00 25434.00 25437.00 25432.00 25435.00 Bearish          5       1        8        1
2025-12-02T01:15:00+00:00 25433.00 25437.25 25431.75 25435.75 Bearish          5       1        8        1
2025-12-02T01:16:00+00:00 25435.00 25442.50 25435.00 25442.00 Bullish          5       1        8        1
2025-12-02T01:17:00+00:00 25441.75 25444.75 25438.25 25440.50 Bullish          6       1        8        1
2025-12-02T01:18:00+00:00 25440.00 25441.50 25437.50 25438.50 Bullish          6       1        8        1
2025-12-02T01:19:00+00:00 25438.25 25438.25 25432.25 25435.25 Bearish          5       1        8        2
2025-12-02T01:20:00+00:00 25435.00 25440.75 25430.50 25438.75 Bullish          5       1        8        1
2025-12-02T01:21:00+00:00 25439.00 25441.00 25435.00 25436.25 Bullish          5       1        8        1
2025-12-02T01:22:00+00:00 25435.75 25439.75 25434.50 25438.00 Bullish          5       1        8        1
2025-12-02T01:23:00+00:00 25438.50 25440.00 25436.75 25438.75 Bullish          5       1        8        1
2025-12-02T01:24:00+00:00 25439.00 25444.00 25438.50 25441.00 Bullish          5       1        8        1
2025-12-02T01:25:00+00:00 25441.00 25442.00 25439.50 25440.50 Bullish          5       1        8        1
2025-12-02T01:26:00+00:00 25440.25 25444.00 25438.75 25443.25 Bullish          5       1        8        1
2025-12-02T01:27:00+00:00 25443.00 25445.00 25438.00 25438.00 Bearish          5       1        8        1
2025-12-02T01:28:00+00:00 25693.25 25693.25 25691.00 25691.00 Bullish          6       0        9        0
2025-12-02T01:29:00+00:00 25438.00 25440.25 25435.75 25437.50 Bearish          5       0        8        1
2025-12-02T01:30:00+00:00 25436.50 25436.50 25420.00 25420.75 Bearish          5       1        8        1
2025-12-02T01:31:00+00:00 25420.75 25427.25 25418.50 25421.75 Bearish          5       2        8        1
2025-12-02T01:32:00+00:00 25422.25 25427.75 25416.00 25424.75 Bearish          5       2        8        1
2025-12-02T01:33:00+00:00 25424.75 25430.25 25423.25 25427.00 Bearish          5       2        8        1
2025-12-02T01:34:00+00:00 25427.25 25427.25 25421.50 25423.00 Bearish          5       2        8        1
2025-12-02T01:35:00+00:00 25422.75 25427.50 25417.25 25419.25 Bearish          5       2        8        1
2025-12-02T01:36:00+00:00 25668.75 25668.75 25668.75 25668.75 Bullish          6       1        9        1
2025-12-02T01:37:00+00:00 25677.75 25677.75 25675.50 25677.00 Bullish          7       1        9        1
2025-12-02T01:38:00+00:00 25423.50 25425.25 25420.25 25423.25 Bearish          5       2        8        3
2025-12-02T01:39:00+00:00 25675.25 25675.25 25674.75 25674.75 Bullish          5       2        9        2
2025-12-02T01:40:00+00:00 25423.00 25424.75 25420.50 25422.75 Bearish          5       2        8        2
2025-12-02T01:41:00+00:00 25420.75 25426.25 25420.75 25424.50 Bearish          5       3        8        2
2025-12-02T01:42:00+00:00 25424.25 25424.25 25418.00 25420.00 Bearish          5       3        8        2
2025-12-02T01:43:00+00:00 25419.75 25421.25 25417.50 25418.75 Bearish          5       3        8        2
2025-12-02T01:44:00+00:00 25670.00 25670.00 25670.00 25670.00 Bullish          6       3        8        2
2025-12-02T01:45:00+00:00 25669.00 25669.00 25669.00 25669.00 Bearish          7       3        8        2
2025-12-02T01:46:00+00:00 25420.00 25423.25 25419.75 25421.25 Bearish          6       4        8        3
2025-12-02T01:47:00+00:00 25421.75 25422.25 25418.25 25420.75 Bearish          5       5        8        4
2025-12-02T01:48:00+00:00 25419.50 25420.25 25417.25 25419.50 Bearish          5       5        8        4
2025-12-02T01:49:00+00:00 25419.00 25420.50 25415.75 25418.00 Bearish          5       5        8        4
2025-12-02T01:50:00+00:00 25417.50 25419.75 25416.50 25417.50 Bearish          5       5        8        4
2025-12-02T01:51:00+00:00 25417.25 25421.25 25417.25 25417.75 Bearish          5       5        8        4
2025-12-02T01:52:00+00:00 25418.25 25420.75 25417.75 25419.50 Bearish          5       5        8        4
2025-12-02T01:53:00+00:00 25669.75 25669.75 25669.75 25669.75 Bullish          6       4        9        3
2025-12-02T01:54:00+00:00 25419.25 25422.75 25419.25 25422.25 Bearish          6       4        9        3
2025-12-02T01:55:00+00:00 25420.75 25420.75 25416.75 25417.25 Bearish          5       5        8        4
2025-12-02T01:56:00+00:00 25418.00 25418.75 25416.50 25417.25 Bearish          5       6        8        4
2025-12-02T01:57:00+00:00 25417.50 25420.50 25415.00 25417.50 Bearish          5       6        8        4
2025-12-02T01:58:00+00:00 25417.75 25417.75 25412.75 25413.75 Bearish          4       6        7        5
2025-12-02T01:59:00+00:00 25413.50 25416.25 25412.50 25413.50 Bearish          4       6        7        5
2025-12-02T02:00:00+00:00   252.90   252.90   252.90   252.90 Bearish          2       7        2        7
2025-12-02T02:01:00+00:00 25403.00 25403.50 25396.25 25401.75 Bullish          2       8        2        7
2025-12-02T02:02:00+00:00 25655.00 25655.00 25655.00 25655.00 Bullish          3       5        5        4
2025-12-02T02:03:00+00:00 25658.75 25660.00 25658.75 25660.00 Bullish          4       5        5        4
2025-12-02T02:04:00+00:00 25663.00 25663.00 25663.00 25663.00 Bullish          5       5        5        4
2025-12-02T02:05:00+00:00 25408.00 25408.75 25404.50 25407.25 Bearish          4       6        4        5
2025-12-02T02:06:00+00:00 25406.75 25408.00 25399.00 25403.50 Bearish          4       7        4        5
2025-12-02T02:07:00+00:00 25402.75 25402.75 25396.00 25401.50 Bearish          3       8        3        6
2025-12-02T02:08:00+00:00 25653.75 25653.75 25653.75 25653.75 Bullish          4       7        4        6
2025-12-02T02:09:00+00:00 25397.75 25398.25 25395.00 25396.25 Bearish          3       7        3        7
2025-12-02T02:10:00+00:00 25649.00 25649.00 25649.00 25649.00 Bullish          3       8        3        7
2025-12-02T02:11:00+00:00 25393.50 25397.50 25392.50 25395.25 Bearish          3       8        3        7
2025-12-02T02:12:00+00:00 25395.25 25395.25 25392.00 25392.00 Bearish          3       9        3        7
2025-12-02T02:13:00+00:00 25391.75 25395.75 25386.00 25389.00 Bearish          3       9        3        7
2025-12-02T02:14:00+00:00 25642.00 25648.00 25642.00 25648.00 Bullish          4       9        3        7
2025-12-02T02:15:00+00:00 25651.00 25651.00 25650.00 25650.00 Bullish          5       8        4        7
2025-12-02T02:16:00+00:00 25399.00 25407.00 25398.00 25405.00 Bearish          5       9        4        7
2025-12-02T02:17:00+00:00 25404.25 25407.25 25403.00 25403.25 Bearish          5      10        4        7
2025-12-02T02:18:00+00:00 25404.00 25406.00 25401.25 25401.75 Bearish          5      10        4        7
2025-12-02T02:19:00+00:00 25400.75 25403.25 25400.00 25401.00 Bearish          5      10        4        7
2025-12-02T02:20:00+00:00 25651.75 25651.75 25651.75 25651.75 Bullish          6       8        6        7
2025-12-02T02:21:00+00:00 25658.00 25658.00 25658.00 25658.00 Bullish          7       7        7        6
2025-12-02T02:22:00+00:00 25403.75 25404.00 25400.50 25401.75 Bearish          5       8        4        8
2025-12-02T02:23:00+00:00 25650.00 25650.00 25650.00 25650.00 Bullish          5       9        4        8
2025-12-02T02:24:00+00:00 25400.25 25403.50 25399.75 25401.00 Bearish          5       9        4        8
2025-12-02T02:25:00+00:00 25401.50 25404.00 25401.50 25403.25 Bearish          5      10        4        8
2025-12-02T02:26:00+00:00 25403.75 25405.50 25402.00 25402.75 Bearish          5      10        4        8
2025-12-02T02:27:00+00:00 25402.75 25404.00 25401.00 25402.50 Bearish          5      10        4        8
2025-12-02T02:28:00+00:00 25402.00 25404.00 25400.25 25402.75 Bearish          5      10        4        8
2025-12-02T02:29:00+00:00 25403.25 25403.50 25401.00 25401.00 Bearish          5      10        4        8
2025-12-02T02:30:00+00:00 25401.00 25403.75 25396.75 25401.00 Bearish          5      10        4        8
2025-12-02T02:31:00+00:00 25400.25 25403.50 25397.00 25400.50 Bearish          5      10        4        8
2025-12-02T02:32:00+00:00 25651.25 25651.25 25648.00 25648.50 Bullish          6      10        4        8
2025-12-02T02:33:00+00:00 25395.75 25400.50 25395.25 25397.25 Bearish          5      10        4        9
2025-12-02T02:34:00+00:00 25396.75 25398.00 25395.00 25396.75 Bearish          5      11        4        9
2025-12-02T02:35:00+00:00 25397.25 25399.75 25397.00 25399.00 Bullish          5      11        4        9
2025-12-02T02:36:00+00:00 25399.75 25405.00 25399.75 25403.00 Bullish          6      11        4        9
2025-12-02T02:37:00+00:00 25656.75 25657.00 25656.75 25657.00 Bullish          7       8        7        7
2025-12-02T02:38:00+00:00 25660.75 25662.50 25660.75 25662.50 Bullish          8       6        9        5
2025-12-02T02:39:00+00:00 25408.25 25411.50 25407.75 25409.25 Bearish          8       7        8        5
2025-12-02T02:40:00+00:00 25409.75 25412.00 25409.50 25411.75 Bullish          8       8        8        5
2025-12-02T02:41:00+00:00 25411.75 25418.75 25411.75 25417.50 Bullish          9       8        8        5
2025-12-02T02:42:00+00:00 25671.25 25671.25 25670.75 25670.75 Bullish         10       3       13        2
2025-12-02T02:43:00+00:00 25418.00 25418.75 25416.00 25417.75 Bearish         10       3       11        2
2025-12-02T02:44:00+00:00 25673.25 25673.25 25673.25 25673.25 Bullish         11       3       11        2
2025-12-02T02:45:00+00:00 25419.25 25423.00 25418.75 25421.50 Bearish         10       3       11        3
2025-12-02T02:46:00+00:00 25420.75 25422.00 25419.25 25421.00 Bearish         10       4       11        3
2025-12-02T02:47:00+00:00 25421.00 25423.00 25418.00 25419.00 Bearish         10       4       11        3
2025-12-02T02:48:00+00:00 25671.00 25671.00 25671.00 25671.00 Bullish         11       4       11        3
2025-12-02T02:49:00+00:00 25418.75 25421.75 25417.25 25420.00 Bearish         10       4       11        4
2025-12-02T02:50:00+00:00 25420.50 25421.00 25419.25 25420.50 Bearish         10       5       11        4
2025-12-02T02:51:00+00:00 25420.25 25423.00 25420.00 25422.75 Bullish         10       5       11        4
2025-12-02T02:52:00+00:00 25672.00 25681.00 25672.00 25681.00 Bullish         11       1       15        1
2025-12-02T02:53:00+00:00 25425.25 25427.00 25424.25 25424.75 Bearish         12       1       13        1
2025-12-02T02:54:00+00:00 25424.00 25427.00 25423.75 25426.25 Bearish         12       2       13        1
2025-12-02T02:55:00+00:00 25426.50 25429.25 25426.00 25428.25 Bullish         12       2       13        1
2025-12-02T02:56:00+00:00 25683.25 25684.00 25683.25 25684.00 Bullish         13       1       14        1
2025-12-02T02:57:00+00:00 25428.25 25428.50 25425.25 25425.25 Bearish         12       1       13        2
2025-12-02T02:58:00+00:00 25425.75 25427.50 25423.50 25424.25 Bearish         12       2       13        2
2025-12-02T02:59:00+00:00 25676.25 25677.75 25675.00 25675.00 Bullish         13       2       13        2
2025-12-02T03:00:00+00:00 25423.75 25424.50 25422.00 25424.50 Bearish         12       2       13        3
2025-12-02T03:01:00+00:00 25677.00 25678.75 25676.50 25677.00 Bullish         12       2       13        2
2025-12-02T03:02:00+00:00 25425.00 25425.00 25419.25 25421.25 Bearish         11       2       12        3
2025-12-02T03:03:00+00:00 25420.50 25425.00 25420.00 25424.25 Bearish         11       3       12        3
2025-12-02T03:04:00+00:00 25423.75 25424.00 25420.75 25422.00 Bearish         11       3       12        3
2025-12-02T03:05:00+00:00 25421.25 25422.50 25419.25 25421.75 Bearish         11       3       12        3
2025-12-02T03:06:00+00:00 25421.25 25424.00 25419.50 25422.25 Bearish         11       3       12        3
2025-12-02T03:07:00+00:00   252.25   252.25   252.25   252.25 Bearish          1       4        1       13
2025-12-02T03:08:00+00:00 25420.25 25421.25 25417.75 25417.75 Bullish          1       4        1       11
2025-12-02T03:09:00+00:00 25418.25 25419.00 25416.25 25418.50 Bullish          2       4        1       11
2025-12-02T03:10:00+00:00 25418.25 25419.50 25416.00 25416.75 Bullish          2       4        1       11
2025-12-02T03:11:00+00:00   252.55   252.55   252.55   252.55 Bearish          2       5        1       11
2025-12-02T03:12:00+00:00 25414.50 25416.00 25413.00 25414.75 Bullish          2       5        1       11
2025-12-02T03:13:00+00:00 25414.00 25414.00 25409.75 25409.75 Bearish          3       5        1       11
2025-12-02T03:14:00+00:00 25409.75 25410.50 25407.50 25409.00 Bearish          3       6        1       11
2025-12-02T03:15:00+00:00 25408.50 25408.50 25401.75 25402.00 Bearish          3       7        1       11
2025-12-02T03:16:00+00:00 25650.00 25652.25 25650.00 25652.25 Bullish          4       3        5        7
2025-12-02T03:17:00+00:00 25395.75 25396.75 25391.50 25394.25 Bearish          3       4        3        8
2025-12-02T03:18:00+00:00 25394.75 25398.75 25391.00 25397.00 Bullish          3       5        3        8
2025-12-02T03:19:00+00:00 25650.00 25654.00 25650.00 25652.75 Bullish          4       3        5        7
2025-12-02T03:20:00+00:00 25650.50 25652.75 25650.50 25652.25 Bullish          5       3        5        7
2025-12-02T03:21:00+00:00 25399.75 25399.75 25393.50 25394.00 Bearish          3       4        3        9
2025-12-02T03:22:00+00:00 25394.00 25394.00 25390.00 25390.50 Bearish          3       5        3        9
